%YAML:1.0
intrinsic-0: !!opencv-matrix
   rows: 3
   cols: 3
   dt: d
   data: [ 1.1279143469626100e+004, 0., -6.5389302273497844e+002, 0.,
       1.1563252938579561e+004, 6.4086439602332302e+002, 0., 0., 1. ]
extrinsic-0: !!opencv-matrix
   rows: 3
   cols: 4
   dt: d
   data: [ 9.5425609236272468e-001, -2.3227925021417173e-001,
       1.8825955515873599e-001, 2.2007038702871355e+002,
       2.3031663804088065e-001, 9.7257133792791428e-001,
       3.2545950326466594e-002, 1.6135142394452868e+002,
       -1.9065559637778517e-001, 1.2302136442466464e-002,
       9.8157990047106303e-001, 1.1151303409419197e+003 ]
intrinsic-1: !!opencv-matrix
   rows: 3
   cols: 3
   dt: d
   data: [ 1.0868108049515175e+004, 0., -1.9786271452510414e+002, 0.,
       1.1024331409736458e+004, 7.6856019401103811e+002, 0., 0., 1. ]
extrinsic-1: !!opencv-matrix
   rows: 3
   cols: 4
   dt: d
   data: [ 9.0168334023940466e-001, -2.3595723949764114e-001,
       3.6234146197111200e-001, 1.4688060193581967e+002,
       1.9621649002715047e-001, 9.7001908123164260e-001,
       1.4339480844139776e-001, 1.6574316302283023e+002,
       -3.8531317519147351e-001, -5.8199339989151257e-002,
       9.2094874659162873e-001, 1.0283417223573101e+003 ]
intrinsic-2: !!opencv-matrix
   rows: 3
   cols: 3
   dt: d
   data: [ 1.0239361994004095e+004, 0., 1.2691781735715121e+001, 0.,
       1.0414139755210812e+004, 1.0363120411828179e+003, 0., 0., 1. ]
extrinsic-2: !!opencv-matrix
   rows: 3
   cols: 4
   dt: d
   data: [ 8.0179327408073531e-001, -1.3834246904550526e-001,
       5.8136813371330243e-001, 1.4841993796327071e+002,
       6.8349010605388283e-002, 9.8768089691189742e-001,
       1.4076526071646528e-001, 1.3539389824345440e+002,
       -5.9368001346530053e-001, -7.3128702529877729e-002,
       8.0137147096595429e-001, 1.0017291581120586e+003 ]
intrinsic-3: !!opencv-matrix
   rows: 3
   cols: 3
   dt: d
   data: [ 1.0042617815481250e+004, 0., 4.5162318640275447e+002, 0.,
       1.0153882819500637e+004, 1.1140427716169013e+003, 0., 0., 1. ]
extrinsic-3: !!opencv-matrix
   rows: 3
   cols: 4
   dt: d
   data: [ 6.8606125642394744e-001, -6.8669270298345464e-002,
       7.2429585374395689e-001, 1.0063729731204290e+002,
       3.9377608776057123e-002, 9.9758127291239784e-001,
       5.7280082590370249e-002, 1.5068595728238978e+002,
       -7.2647736121717810e-001, -1.0776606663167071e-002,
       6.8710589314002612e-001, 9.6478806814406164e+002 ]
intrinsic-4: !!opencv-matrix
   rows: 3
   cols: 3
   dt: d
   data: [ 1.0025747548463713e+004, 0., 8.5808900718790380e+002, 0.,
       1.0155994667686320e+004, 8.2370680785134925e+002, 0., 0., 1. ]
extrinsic-4: !!opencv-matrix
   rows: 3
   cols: 4
   dt: d
   data: [ 5.2709432031204384e-001, 1.5023960057260408e-002,
       8.4967397166147329e-001, 7.6776739784801137e+001,
       8.7845437296899642e-002, 9.9352413042829957e-001,
       -7.2062343861461445e-002, 1.4568501507887183e+002,
       -8.4525425561833212e-001, 1.1262363375814545e-001,
       5.2236113990055777e-001, 9.8214570703278025e+002 ]
intrinsic-5: !!opencv-matrix
   rows: 3
   cols: 3
   dt: d
   data: [ 9.8957218517877172e+003, 0., 1.4613334674762677e+003, 0.,
       1.0044211006505684e+004, 7.7144368784186054e+002, 0., 0., 1. ]
extrinsic-5: !!opencv-matrix
   rows: 3
   cols: 4
   dt: d
   data: [ 3.5603504183955764e-001, 3.0767331229416911e-002,
       9.3396596314390590e-001, 2.8364657409221145e+001,
       1.0204327564789853e-001, 9.9220093522060004e-001,
       -7.1585431775004538e-002, 1.1980436298651919e+002,
       -9.2888439478621421e-001, 1.2079186841996517e-001,
       3.5011870222292091e-001, 9.5801172334933449e+002 ]
intrinsic-6: !!opencv-matrix
   rows: 3
   cols: 3
   dt: d
   data: [ 9.7195610899253461e+003, 0., 1.9443444801329774e+003, 0.,
       9.8495085278017195e+003, 9.3463182675762414e+002, 0., 0., 1. ]
extrinsic-6: !!opencv-matrix
   rows: 3
   cols: 4
   dt: d
   data: [ 1.5771662822299701e-001, 1.1476950731126064e-001,
       9.8079224373640894e-001, -2.1347454661392138e+001,
       -1.1735438736891687e-002, 9.9337071501971330e-001,
       -1.1435428290569746e-001, 9.7598267912123831e+001,
       -9.8741467715424491e-001, 6.5255446327581387e-003,
       1.5801795027029136e-001, 9.4780348075865777e+002 ]
intrinsic-7: !!opencv-matrix
   rows: 3
   cols: 3
   dt: d
   data: [ 9.6206292527549158e+003, 0., 2.3558609119437519e+003, 0.,
       9.7122759822446733e+003, 1.1697704691376023e+003, 0., 0., 1. ]
extrinsic-7: !!opencv-matrix
   rows: 3
   cols: 4
   dt: d
   data: [ -3.4628332913255233e-002, 1.8821938749406925e-001,
       9.8151634766365770e-001, -6.0199734897274382e+001,
       -9.9548376097819413e-002, 9.7657148801886895e-001,
       -1.9078325294663454e-001, 1.1670212617126195e+002,
       -9.9442998716648523e-001, -1.0431486452068975e-001,
       -1.5080108225549622e-002, 9.6345295727663620e+002 ]
intrinsic-8: !!opencv-matrix
   rows: 3
   cols: 3
   dt: d
   data: [ 9.8870274041686316e+003, 0., 2.7602810213154071e+003, 0.,
       1.0060613571552933e+004, 9.0819030170808094e+002, 0., 0., 1. ]
extrinsic-8: !!opencv-matrix
   rows: 3
   cols: 4
   dt: d
   data: [ -1.9193435979128656e-001, 2.6114839768222248e-001,
       9.4602469096716335e-001, -9.6884951356462167e+001,
       -3.7163665358707076e-003, 9.6374629999276351e-001,
       -2.6679441124211994e-001, 1.0934109449546642e+002,
       -9.8140072862785266e-001, -5.4722789021267315e-002,
       -1.8400550592428980e-001, 9.6965304194066425e+002 ]
intrinsic-9: !!opencv-matrix
   rows: 3
   cols: 3
   dt: d
   data: [ 1.0264140999659448e+004, 0., 3.2337487181173369e+003, 0.,
       1.0441986509247034e+004, 6.8100666394933296e+002, 0., 0., 1. ]
extrinsic-9: !!opencv-matrix
   rows: 3
   cols: 4
   dt: d
   data: [ -3.8726624255461461e-001, 2.8578233806220554e-001,
       8.7655764934733760e-001, -1.2262652026641022e+002,
       8.0439257151273202e-002, 9.5759410803642198e-001,
       -2.7666414686923468e-001, 1.4598253621069978e+002,
       -9.1845216711954147e-001, -3.6633038443860538e-002,
       -3.9383199109238054e-001, 1.0023578291831957e+003 ]
