%YAML:1.0
kinect_info: "kinect_info.yml"
kinect_sn:
   - 10000002
   - 11111111
boundingbox:
   - 175
   - 335
   - 141
   - 281
imagelist-10000002:
   - "../INPUT/1014/2_10000002_cloud.png"
masklist-10000002:
   - "../INPUT/1014/1_10000002_cloud.png"  
outlist-10000002:
   - "../INPUT/1014/3_10000002_cloud.ply"     
imagelist-11111111:
   - "../INPUT/1014/2_11111111_cloud.png"
masklist-11111111:
   - "../INPUT/1014/1_11111111_cloud.png"
outlist-11111111:
   - "../INPUT/1014/3_11111111_cloud.ply"