%YAML:1.0
DepthCameraIntrinsic-10000002:
   - 3.6689999389648437e+002
   - 3.6870700073242187e+002
   - 2.5905099487304687e+002
   - 2.0318200683593750e+002
R1t_times_R-10000002: !!opencv-matrix
   rows: 4
   cols: 3
   dt: f
   data: [ -3.09853479e-002, 9.99481618e-001, 8.77599418e-003,
       6.84105039e-001, 1.48051605e-002, 7.29233682e-001,
       7.28725433e-001, 2.85992399e-002, -6.84208930e-001,
       -7.19615723e+002, 3.56050301e+001, 6.51822571e+002 ]
DepthCameraIntrinsic-11111111:
   - 3.6689999389648437e+002
   - 3.6870700073242187e+002
   - 2.5905099487304687e+002
   - 2.0318200683593750e+002
R1t_times_R-11111111: !!opencv-matrix
   rows: 4
   cols: 3
   dt: f
   data: [ -3.52853276e-002, 9.86716330e-001, -1.58576488e-001,
       -6.89627230e-001, 9.08017009e-002, 7.18449712e-001,
       7.23304808e-001, 1.34709343e-001, 6.77262247e-001,
       -6.71431274e+002, -7.41603622e+001, -6.80232727e+002 ]
