%YAML:1.0
intrinsic-0: !!opencv-matrix
   rows: 3
   cols: 3
   dt: d
   data: [ 19158.439453,-0.031171,1670.246094,0.000000,19155.814453,1661.627686,0.000000,0.000000,1.000000]
extrinsic-0: !!opencv-matrix
   rows: 3
   cols: 4
   dt: d
   data: [ 0.841218, 0.103620, 0.530674, 36.687801, -0.103050, 0.994200, -0.030775, -1.452067, -0.530785, -0.028797, 0.847017, 1682.722290 ]
intrinsic-1: !!opencv-matrix
   rows: 3
   cols: 3
   dt: d
   data: [ 19559.882813,0.586870,1989.561890,0.000000,19558.220703,1424.832886,0.000000,0.000000,1.000000]
extrinsic-1: !!opencv-matrix
   rows: 3
   cols: 4
   dt: d
   data: [ 0.658023, 0.130583, 0.741588, 23.364716, -0.131074, 0.989677, -0.057964, 22.924377, -0.741502, -0.059062, 0.668346, 1697.668823 ]
intrinsic-2: !!opencv-matrix
   rows: 3
   cols: 3
   dt: d
   data: [19286.490234,2.660903,2532.614502,0.000000,19285.960938,1291.502197,0.000000,0.000000,1.000000]
extrinsic-2: !!opencv-matrix
   rows: 3
   cols: 4
   dt: d
   data: [-0.559389, 0.017281, 0.828725, 6.192257, -0.145723, 0.982161, -0.118844, 28.061213, -0.815996, -0.187245, -0.546892, 1656.565186]
intrinsic-3: !!opencv-matrix
   rows: 3
   cols: 3
   dt: d
   data: [19108.126953,-3.453386,2548.579834,0.000000,19107.804688,1461.520508,0.000000,0.000000,1.000000]
extrinsic-3: !!opencv-matrix
   rows: 3
   cols: 4
   dt: d
   data: [-0.773000, -0.045494, 0.632773, 39.743710, -0.148029, 0.982827, -0.110172, 15.618850, -0.616894, -0.178831, -0.766460, 1757.119141]
intrinsic-4: !!opencv-matrix
   rows: 3
   cols: 3
   dt: d
   data: [12010.025916,-0.566229,2462.128380,0.000000,12010.090370,1430.120023,0.000000,0.000000,1.000000]
extrinsic-4: !!opencv-matrix
   rows: 3
   cols: 4
   dt: d
   data: [0.050715, 0.067164, 0.996452, -5.595430, -0.004488, 0.997741, -0.067023, 9.480050, -0.998703, -0.001073, 0.050902, 1237.743530]
intrinsic-5: !!opencv-matrix
   rows: 3
   cols: 3
   dt: d
   data: [14133.102764,-0.443738,2393.805796,0.000000,14132.962290,1425.625761,0.000000,0.000000,1.000000]
extrinsic-5: !!opencv-matrix
   rows: 3
   cols: 4
   dt: d
   data: [0.275483, 0.096711, 0.956429, -32.454391, -0.178236, 0.982814, -0.048041, 9.779732, -0.944638, -0.157236, 0.287986, 1319.454590]
intrinsic-6: !!opencv-matrix
   rows: 3
   cols: 3
   dt: d
   data: [12465.271559,0.343246,2425.077543,0.000000,12467.481145,1478.518949,0.000000,0.000000,1.000000]
extrinsic-6: !!opencv-matrix
   rows: 3
   cols: 4
   dt: d
   data: [-0.163379, 0.033364, 0.985999, 27.276178, -0.191171, 0.979414, -0.064818, 20.469851, -0.967864, -0.199084, -0.153637, 1265.349243]